40 96
0 1
0 2
0 3
0 4
0 5
0 6
0 7
0 8
0 9
0 10
0 11
0 12
0 13
0 14
0 15
0 16
0 17
0 18
0 19
0 20
0 21
0 22
0 23
0 24
0 25
0 26
0 27
0 28
0 29
0 30
0 31
0 32
0 33
0 34
0 35
0 36
0 37
0 38
0 39
1 2
1 3
1 4
1 40
2 19
2 39
2 33
2 36
2 28
2 32
2 31
2 6
2 40
3 5
3 9
3 28
3 25
3 32
3 39
3 40
4 6
4 7
4 24
4 31
4 20
4 38
4 5
4 40
5 8
5 13
5 15
5 16
5 33
5 36
5 17
5 9
5 40
6 12
6 22
6 23
6 26
6 40
7 10
7 20
7 32
7 40
8 30
8 31
8 33
8 40
9 33
9 40
10 11
10 14
10 17
10 20
10 28
10 39
10 40
11 26
11 32
11 39
11 15
11 40
12 18
12 34
12 40
13 29
13 40
14 18
14 33
14 39
14 40
15 21
15 23
15 35
15 40
16 30
16 31
16 40
17 31
17 39
17 32
17 30
17 40
18 30
18 37
18 24
18 40
19 25
19 24
19 20
19 40
20 27
20 35
20 24
20 25
20 40
21 35
21 39
21 40
22 27
22 40
23 34
23 29
23 40
24 38
24 40
25 36
25 29
25 28
25 40
26 34
26 40
27 39
27 35
27 40
28 40
29 40
30 34
30 40
31 36
31 40
32 37
32 34
32 40
33 40
34 38
34 40
35 36
35 40
36 40
37 40
38 40
39 40
